              1              1              0
              3              9              4
              5             25             16
              7             49             36
              9             81             64
             11            121            100
             13            169            144
             15            225            196
             17            289            256
             19            361            324
             21            441            400
             23            529            484
             25            625            576
             27            729            676
             29            841            784
             31            961            900
             33           1089           1024
             35           1225           1156
             37           1369           1296
             39           1521           1444
             41           1681           1600
             43           1849           1764
             45           2025           1936
             47           2209           2116
             49           2401           2304
